30 30 429 504
C 13 0 5 4 428
Z 9 3 2 1 428
Z 6 9 5 1 427
G 19 7 0 0 428
X 26 27 99 0 428
X 7 26 99 0 428
B 5 22 10 0 428
T 23 7 0 0 428
B 24 27 10 0 428
X 20 10 99 0 428
B 7 21 10 0 428
B 24 13 10 0 428
B 26 9 10 0 428
B 27 18 10 0 427
X 7 29 99 0 427
T 0 29 0 0 426
X 19 9 99 0 409
B 26 17 10 0 401
G 18 6 0 0 398
M 10 13 0 0 383
M 8 12 0 0 366
X 20 9 99 0 362
X 6 28 99 0 356
X 18 8 99 0 355
X 6 25 99 0 350
M 9 12 0 0 333
B 6 20 10 0 332
M 7 11 0 0 325
M 8 11 0 0 311
M 9 14 0 0 309
M 6 10 0 0 307
G 19 6 0 0 304
X 5 27 99 0 303
M 9 11 0 0 302
X 17 7 99 0 297
M 10 12 0 0 294
X 6 27 99 0 294
B 25 16 10 0 292
M 8 13 0 0 291
M 7 12 0 0 291
M 7 10 0 0 288
M 7 13 0 0 281
X 19 8 99 0 280
M 5 9 0 0 280
B 4 21 10 0 275
B 7 20 10 0 274
B 27 17 10 0 274
M 12 12 0 0 273
M 7 9 0 0 273
G 18 5 0 0 273
M 8 10 0 0 270
X 18 7 99 0 270
X 17 8 99 0 268
M 6 11 0 0 268
M 12 13 0 0 268
M 6 12 0 0 267
M 8 9 0 0 267
T 22 6 0 0 266
M 5 8 0 0 266
B 8 20 10 0 262
B 6 21 10 0 261
M 7 14 0 0 261
M 9 10 0 0 261
M 4 8 0 0 255
M 5 10 0 0 253
B 23 12 10 0 251
M 5 11 0 0 251
M 12 14 0 0 247
M 11 10 0 0 247
X 25 26 99 0 246
M 5 12 0 0 246
M 4 9 0 0 243
B 24 12 10 0 242
X 20 7 99 0 239
M 4 10 0 0 237
M 4 11 0 0 236
X 16 7 99 0 234
G 17 4 0 0 233
B 7 19 10 0 233
M 8 8 0 0 231
M 12 9 0 0 231
M 13 12 0 0 230
M 6 13 0 0 230
G 17 5 0 0 229
M 13 13 0 0 228
M 4 12 0 0 228
B 28 17 10 0 227
X 20 8 99 0 227
M 8 15 0 0 227
X 18 9 99 0 227
M 4 13 0 0 225
X 15 6 99 0 222
B 26 16 10 0 221
X 17 6 99 0 221
X 4 26 99 0 219
B 6 19 10 0 214
M 10 15 0 0 213
M 12 8 0 0 210
G 18 4 0 0 209
M 11 15 0 0 208
B 25 8 10 0 207
X 5 26 99 0 207
B 25 12 10 0 206
X 21 8 99 0 205
M 12 11 0 0 202
M 3 8 0 0 201
X 17 9 99 0 196
X 16 6 99 0 196
B 23 13 10 0 195
B 27 16 10 0 195
G 17 3 0 0 195
B 25 13 10 0 194
M 13 14 0 0 194
M 13 11 0 0 193
T 0 28 0 0 192
B 5 18 10 0 192
M 12 15 0 0 192
X 3 25 99 0 191
B 23 11 10 0 190
M 3 11 0 0 190
B 25 15 10 0 188
M 13 9 0 0 185
M 4 6 0 0 185
M 14 11 0 0 184
M 13 8 0 0 181
X 5 24 99 0 180
X 17 10 99 0 180
M 3 12 0 0 180
M 3 13 0 0 178
B 24 11 10 0 178
M 13 10 0 0 178
G 20 6 0 0 177
G 16 3 0 0 177
B 22 10 10 0 177
M 5 13 0 0 176
M 3 14 0 0 176
X 16 5 99 0 176
M 2 10 0 0 174
M 9 6 0 0 171
M 10 6 0 0 171
M 14 10 0 0 170
M 15 10 0 0 170
B 5 21 10 0 169
X 7 25 99 0 168
M 11 7 0 0 168
B 26 8 10 0 167
M 3 9 0 0 167
M 3 10 0 0 166
M 10 7 0 0 164
M 12 7 0 0 164
M 2 7 0 0 163
M 4 7 0 0 161
X 16 8 99 0 160
M 11 16 0 0 160
M 6 14 0 0 159
B 26 15 10 0 158
M 12 16 0 0 157
B 28 16 10 0 156
X 21 7 99 0 155
B 3 20 10 0 154
M 14 12 0 0 154
B 26 18 10 0 153
M 14 13 0 0 153
M 13 15 0 0 153
M 3 7 0 0 152
G 16 4 0 0 152
M 10 16 0 0 152
M 14 8 0 0 152
M 1 6 0 0 152
B 28 18 10 0 150
M 14 9 0 0 150
M 2 11 0 0 149
X 16 9 99 0 148
M 2 12 0 0 147
M 4 14 0 0 146
X 6 26 99 0 145
M 13 16 0 0 145
M 5 14 0 0 144
B 2 19 10 0 144
X 8 25 99 0 143
X 22 7 99 0 143
M 5 7 0 0 142
B 5 20 10 0 142
M 14 14 0 0 142
M 3 5 0 0 142
M 1 9 0 0 142
M 2 8 0 0 141
M 2 9 0 0 141
M 15 9 0 0 140
M 15 12 0 0 140
M 3 6 0 0 139
M 10 17 0 0 139
M 9 15 0 0 138
M 11 17 0 0 138
M 15 13 0 0 138
B 23 10 10 0 137
M 12 17 0 0 137
M 7 6 0 0 136
M 15 11 0 0 136
M 16 10 0 0 136
M 16 11 0 0 135
M 11 6 0 0 135
T 23 6 0 0 134
X 7 27 99 0 134
X 2 24 99 0 132
M 9 16 0 0 132
X 5 28 99 0 130
X 15 4 99 0 130
X 5 25 99 0 130
M 2 5 0 0 129
M 9 5 0 0 128
M 5 6 0 0 128
M 0 8 0 0 128
B 5 19 10 0 127
B 22 12 10 0 127
X 21 6 99 0 127
M 7 17 0 0 126
B 25 7 10 0 126
M 5 15 0 0 126
M 6 6 0 0 126
B 21 9 10 0 125
B 26 12 10 0 124
M 2 13 0 0 123
X 15 5 99 0 123
M 13 17 0 0 123
M 2 4 0 0 123
M 16 12 0 0 123
B 4 20 10 0 122
M 15 8 0 0 122
M 1 10 0 0 121
B 29 17 10 0 121
M 1 8 0 0 121
T 22 5 0 0 121
M 13 7 0 0 120
M 15 14 0 0 120
M 14 7 0 0 118
M 4 5 0 0 118
M 11 5 0 0 118
M 1 11 0 0 117
B 25 14 10 0 116
M 1 12 0 0 116
X 7 28 99 0 115
G 19 5 0 0 115
X 24 25 99 0 115
M 4 15 0 0 115
M 7 5 0 0 115
M 8 16 0 0 114
M 1 4 0 0 114
M 2 6 0 0 113
X 8 26 99 0 112
X 8 27 99 0 111
G 15 3 0 0 111
M 14 15 0 0 110
X 20 5 99 0 110
X 14 4 99 0 110
X 19 10 99 0 109
B 8 19 10 0 109
B 4 17 10 0 109
M 1 13 0 0 109
M 5 5 0 0 109
B 8 21 10 0 108
M 16 13 0 0 108
B 4 19 10 0 107
M 14 16 0 0 107
M 1 7 0 0 106
M 6 5 0 0 106
B 26 13 10 0 105
G 15 2 0 0 105
M 6 15 0 0 105
X 3 24 99 0 104
X 1 23 99 0 104
M 3 4 0 0 104
M 17 11 0 0 103
X 4 24 99 0 102
M 3 15 0 0 102
B 3 21 10 0 101
M 9 17 0 0 101
M 14 17 0 0 101
M 16 14 0 0 101
M 1 5 0 0 100
M 7 15 0 0 100
M 8 14 0 0 99
M 8 5 0 0 99
M 0 3 0 0 99
M 0 9 0 0 98
M 9 18 0 0 98
B 24 15 10 0 97
T 21 5 0 0 97
X 14 5 99 0 97
M 15 15 0 0 97
B 3 18 10 0 97
X 4 27 99 0 96
B 24 16 10 0 96
M 0 10 0 0 96
M 11 18 0 0 96
M 13 6 0 0 96
M 11 13 0 0 95
B 27 15 10 0 95
X 8 28 99 0 95
M 0 6 0 0 95
M 9 13 0 0 94
X 7 24 99 0 93
M 8 17 0 0 93
B 4 18 10 0 93
M 12 6 0 0 93
B 27 12 10 0 93
M 18 10 0 0 93
X 15 7 99 0 92
M 6 16 0 0 92
X 6 29 99 0 92
M 11 12 0 0 91
M 11 14 0 0 91
B 28 15 10 0 91
M 2 14 0 0 91
G 19 4 0 0 91
M 3 16 0 0 90
B 9 20 10 0 90
M 2 3 0 0 90
M 8 4 0 0 88
M 4 16 0 0 88
M 17 12 0 0 88
M 7 16 0 0 88
M 2 15 0 0 88
M 8 18 0 0 88
M 10 18 0 0 88
M 10 10 0 0 87
M 10 11 0 0 87
M 10 14 0 0 87
M 16 15 0 0 87
B 3 22 10 0 86
B 24 14 10 0 86
G 16 2 0 0 86
M 0 5 0 0 86
M 12 18 0 0 86
M 0 11 0 0 86
M 9 19 0 0 86
M 0 7 0 0 85
M 5 16 0 0 85
M 10 19 0 0 85
M 11 11 0 0 84
M 15 16 0 0 83
B 9 21 10 0 82
T 23 5 0 0 82
M 14 6 0 0 81
M 17 13 0 0 80
B 3 19 10 0 78
M 13 5 0 0 78
B 29 16 10 0 77
B 22 9 10 0 77
T 21 4 0 0 77
M 2 16 0 0 77
B 26 14 10 0 75
M 4 4 0 0 75
X 18 11 99 0 75
B 25 11 10 0 74
X 22 8 99 0 74
M 5 4 0 0 74
M 7 18 0 0 73
B 23 14 10 0 72
M 3 17 0 0 72
M 11 9 0 0 71
T 0 27 0 0 71
M 1 14 0 0 71
M 17 14 0 0 70
M 6 4 0 0 70
X 13 4 99 0 70
M 5 17 0 0 70
M 0 12 0 0 70
T 1 28 0 0 69
B 6 17 10 0 69
M 11 19 0 0 69
M 1 15 0 0 69
M 12 10 0 0 68
B 25 17 10 0 68
M 8 3 0 0 68
B 7 22 10 0 68
X 4 23 99 0 67
X 6 24 99 0 67
M 16 16 0 0 67
M 10 20 0 0 67
M 13 18 0 0 66
X 5 23 99 0 64
M 7 4 0 0 64
X 23 8 99 0 64
B 27 13 10 0 63
M 11 20 0 0 63
X 8 24 99 0 61
X 8 29 99 0 60
T 24 5 0 0 60
M 15 17 0 0 60
M 4 3 0 0 60
M 10 3 0 0 60
G 18 3 0 0 59
M 11 8 0 0 58
X 4 25 99 0 58
T 1 29 0 0 57
M 1 3 0 0 57
M 0 4 0 0 56
B 27 14 10 0 56
B 22 13 10 0 54
M 5 3 0 0 53
M 6 3 0 0 52
B 23 26 10 0 51
M 7 3 0 0 51
M 16 17 0 0 51
X 6 23 99 0 51
B 24 6 10 0 50
M 12 19 0 0 47
B 26 11 10 0 46
X 3 26 99 0 45
M 17 15 0 0 45
B 22 14 10 0 44
X 7 23 99 0 44
M 9 8 0 0 43
B 24 10 10 0 43
M 4 2 0 0 42
M 3 3 0 0 41
X 19 11 99 0 41
M 5 2 0 0 41
X 5 29 99 0 40
M 9 9 0 0 40
B 25 6 10 0 40
X 18 12 99 0 40
X 21 10 99 0 39
M 2 17 0 0 39
G 17 2 0 0 39
M 14 18 0 0 38
M 15 18 0 0 38
X 4 22 99 0 38
B 6 22 10 0 37
B 25 10 10 0 37
M 13 19 0 0 37
X 24 7 99 0 37
T 23 4 0 0 36
X 14 3 99 0 34
M 6 2 0 0 34
G 14 1 0 0 33
M 2 18 0 0 33
M 10 21 0 0 33
T 0 26 0 0 32
M 7 2 0 0 32
T 1 27 0 0 31
M 11 21 0 0 31
M 8 7 0 0 30
T 24 8 0 0 29
B 29 18 10 0 29
X 8 22 99 0 29
M 10 8 0 0 29
M 10 9 0 0 29
M 0 2 0 0 28
G 18 2 0 0 28
M 8 2 0 0 27
X 23 9 99 0 26
M 0 13 0 0 26
B 26 10 10 0 25
M 6 18 0 0 25
B 26 6 10 0 23
B 23 15 10 0 23
G 19 3 0 0 22
B 24 17 10 0 21
X 9 24 99 0 21
M 9 2 0 0 21
T 24 4 0 0 21
B 27 11 10 0 20
M 1 2 0 0 18
X 0 22 99 0 17
X 8 23 99 0 17
M 14 19 0 0 17
M 0 14 0 0 16
T 0 25 0 0 16
M 9 7 0 0 16
B 28 14 10 0 15
X 20 11 99 0 14
B 24 9 10 0 14
X 13 2 99 0 14
B 22 15 10 0 13
M 17 16 0 0 13
X 2 25 99 0 13
M 8 6 0 0 12
G 14 2 0 0 12
X 19 12 99 0 12
M 12 20 0 0 12
M 12 4 0 0 11
B 25 5 10 0 11
M 0 15 0 0 10
M 13 20 0 0 10
B 9 22 10 0 9
B 21 13 10 0 9
M 10 22 0 0 9
T 25 9 0 0 9
X 4 28 99 0 8
M 11 4 0 0 6
X 9 25 99 0 6
T 20 4 0 0 5
X 0 21 99 0 5
M 1 16 0 0 4
M 18 14 0 0 4
M 11 22 0 0 4
B 21 11 10 0 3
M 6 7 0 0 3
M 18 13 0 0 2
X 1 21 99 0 2
M 2 2 0 0 1
M 12 21 0 0 1
#ZAPIS GRY WIRTUALNY SWIAT v1.0#
#Damian Jankowski s188597#
#znak polX polY sila inicjatywa wiek#
#[A]ntylopa [C]zlowiek [S]uperman [L]is [O]wca [W]ilk [Z]olw#
#[B]arszcz [G]uarana [M]lecz [T]rawa [X]Wilczejagody#
#Superman - czlowiek z wlaczona umiejetnoscia#
