30 30 194 178
M 5 5 0 0 168
M 4 4 0 0 153
M 5 4 0 0 138
M 4 3 0 0 130
M 6 4 0 0 127
M 5 3 0 0 123
M 3 3 0 0 121
M 4 2 0 0 114
M 3 4 0 0 113
M 2 3 0 0 112
M 3 5 0 0 111
M 5 2 0 0 107
M 2 4 0 0 107
M 2 5 0 0 105
M 1 4 0 0 104
M 3 2 0 0 103
M 0 3 0 0 103
M 4 5 0 0 101
M 0 2 0 0 99
M 4 1 0 0 98
M 6 5 0 0 97
M 2 6 0 0 97
M 5 1 0 0 97
M 4 6 0 0 96
M 6 3 0 0 95
M 3 6 0 0 95
M 1 3 0 0 92
M 7 4 0 0 92
M 4 0 0 0 91
M 2 2 0 0 90
M 3 0 0 0 90
M 2 1 0 0 89
M 3 1 0 0 87
M 1 5 0 0 86
M 0 4 0 0 86
M 5 6 0 0 86
M 0 5 0 0 85
M 1 2 0 0 85
M 2 7 0 0 83
M 7 5 0 0 82
M 7 3 0 0 82
M 0 1 0 0 79
M 5 0 0 0 79
M 6 0 0 0 79
M 6 6 0 0 79
M 0 6 0 0 79
M 1 6 0 0 79
M 6 1 0 0 77
M 7 6 0 0 77
M 3 7 0 0 77
M 4 7 0 0 76
M 6 2 0 0 73
M 1 0 0 0 73
M 1 1 0 0 73
M 8 4 0 0 73
M 0 0 0 0 72
M 0 7 0 0 69
M 8 5 0 0 68
M 8 3 0 0 67
M 5 7 0 0 66
M 3 8 0 0 66
M 9 3 0 0 66
M 7 2 0 0 65
M 7 1 0 0 65
M 6 7 0 0 64
M 9 4 0 0 64
M 2 8 0 0 62
M 7 7 0 0 62
M 2 0 0 0 60
M 4 8 0 0 59
M 7 0 0 0 58
M 5 8 0 0 58
M 8 1 0 0 57
M 8 0 0 0 57
M 1 7 0 0 56
M 9 5 0 0 56
M 1 8 0 0 56
M 10 4 0 0 55
M 6 8 0 0 54
M 8 2 0 0 53
M 8 6 0 0 52
M 9 2 0 0 52
M 8 7 0 0 51
M 9 0 0 0 51
M 10 5 0 0 51
M 11 4 0 0 50
M 10 3 0 0 49
M 11 3 0 0 48
M 3 9 0 0 47
M 4 9 0 0 47
M 10 2 0 0 46
M 0 8 0 0 46
M 9 6 0 0 46
M 5 9 0 0 45
M 0 9 0 0 45
M 10 0 0 0 45
M 1 9 0 0 45
M 6 9 0 0 44
M 11 5 0 0 43
M 10 6 0 0 43
M 9 1 0 0 42
M 3 10 0 0 42
M 12 4 0 0 42
M 9 7 0 0 41
M 11 2 0 0 41
M 4 10 0 0 41
M 2 9 0 0 41
M 7 8 0 0 40
M 10 1 0 0 40
M 8 8 0 0 39
M 11 6 0 0 39
M 12 3 0 0 38
M 11 0 0 0 37
M 11 1 0 0 37
M 5 10 0 0 35
M 2 10 0 0 34
M 12 0 0 0 34
M 0 10 0 0 33
M 10 7 0 0 32
M 12 1 0 0 32
M 13 3 0 0 31
M 7 9 0 0 31
M 1 10 0 0 31
M 1 11 0 0 30
M 13 4 0 0 29
M 12 2 0 0 29
M 8 9 0 0 29
M 6 10 0 0 28
M 13 2 0 0 28
M 0 11 0 0 28
M 12 5 0 0 27
M 2 11 0 0 26
M 9 8 0 0 26
M 9 9 0 0 25
M 10 8 0 0 24
M 13 0 0 0 24
M 13 1 0 0 24
M 0 12 0 0 24
M 7 10 0 0 24
M 5 11 0 0 22
M 10 9 0 0 22
M 8 10 0 0 21
M 9 10 0 0 21
M 11 7 0 0 21
M 14 0 0 0 21
M 3 11 0 0 20
M 14 3 0 0 20
M 1 12 0 0 20
M 14 2 0 0 19
M 7 11 0 0 19
M 6 11 0 0 18
M 13 5 0 0 18
M 14 1 0 0 18
M 12 6 0 0 17
M 11 8 0 0 17
M 14 4 0 0 16
M 12 7 0 0 16
M 4 11 0 0 16
M 13 6 0 0 15
M 2 12 0 0 15
M 3 12 0 0 14
M 0 13 0 0 13
M 4 12 0 0 13
M 14 5 0 0 11
M 5 12 0 0 10
M 2 13 0 0 9
M 15 3 0 0 8
M 15 4 0 0 8
M 14 6 0 0 7
M 6 12 0 0 5
M 8 11 0 0 4
M 15 2 0 0 3
M 9 11 0 0 2
M 1 13 0 0 2
M 12 8 0 0 1
M 7 12 0 0 1
M 15 5 0 0 0
M 8 12 0 0 0
#ZAPIS GRY WIRTUALNY SWIAT v1.0#
#Damian Jankowski s188597#
#znak polX polY sila inicjatywa wiek#
#[A]ntylopa [C]zlowiek [S]uperman [L]is [O]wca [W]ilk [Z]olw#
#[B]arszcz [G]uarana [M]lecz [T]rawa [X]Wilczejagody#
#Superman - czlowiek z wlaczona umiejetnoscia#
