30 30 269 894
L 21 12 3 7 268
L 0 11 3 7 258
L 16 10 3 7 176
L 2 8 3 7 170
L 5 3 3 7 170
L 3 10 3 7 170
L 8 7 3 7 170
L 2 12 3 7 169
L 7 5 3 7 169
L 6 5 3 7 169
L 6 7 3 7 169
L 7 3 3 7 169
L 0 9 3 7 168
L 7 1 3 7 168
L 6 6 3 7 168
L 0 10 3 7 167
L 6 10 3 7 167
L 2 11 3 7 167
L 1 10 3 7 167
L 7 6 3 7 167
L 8 8 3 7 167
L 5 2 3 7 167
L 9 5 3 7 166
L 7 8 3 7 166
L 2 10 3 7 166
L 8 2 3 7 166
L 8 6 3 7 166
L 8 3 3 7 166
L 6 8 3 7 166
L 1 12 3 7 166
L 1 11 3 7 166
L 4 7 3 7 166
L 6 9 3 7 165
L 6 2 3 7 165
L 3 11 3 7 165
L 8 1 3 7 165
L 10 6 3 7 165
L 7 9 3 7 165
L 10 0 3 7 165
L 9 7 3 7 165
L 7 7 3 7 165
L 9 1 3 7 165
L 0 12 3 7 165
L 4 10 3 7 165
L 9 6 3 7 165
L 0 13 3 7 165
L 7 0 3 7 164
L 8 0 3 7 164
L 3 12 3 7 164
L 10 7 3 7 164
L 10 3 3 7 164
L 5 11 3 7 164
L 4 11 3 7 164
L 9 8 3 7 164
L 5 10 3 7 164
L 6 0 3 7 164
L 8 9 3 7 164
L 12 0 3 7 163
L 10 8 3 7 163
L 10 1 3 7 163
L 3 8 3 7 163
L 6 12 3 7 163
L 10 9 3 7 163
L 10 2 3 7 163
L 3 22 3 7 163
L 9 10 3 7 163
L 3 9 3 7 163
L 2 13 3 7 163
L 9 9 3 7 163
L 9 0 3 7 163
L 11 5 3 7 163
L 5 12 3 7 162
L 13 5 3 7 162
L 2 9 3 7 162
L 4 8 3 7 162
L 12 7 3 7 162
L 11 1 3 7 162
L 14 4 3 7 162
L 11 8 3 7 162
L 12 1 3 7 162
L 10 10 3 7 162
L 1 21 3 7 162
L 11 10 3 7 161
L 1 8 3 7 161
L 4 2 3 7 161
L 8 10 3 7 161
L 11 0 3 7 161
L 14 0 3 7 161
L 12 8 3 7 161
L 15 11 3 7 160
L 11 7 3 7 160
L 5 17 3 7 160
L 11 4 3 7 160
L 13 1 3 7 160
L 14 3 3 7 160
L 13 2 3 7 160
L 12 9 3 7 160
L 15 0 3 7 160
L 14 1 3 7 159
L 15 12 3 7 159
L 4 9 3 7 159
L 12 6 3 7 159
L 8 15 3 7 159
L 14 2 3 7 159
L 13 6 3 7 159
L 13 10 3 7 159
L 7 16 3 7 159
L 13 7 3 7 159
L 11 15 3 7 159
L 8 16 3 7 159
L 13 3 3 7 159
L 0 15 3 7 159
L 11 6 3 7 158
L 13 0 3 7 158
L 0 17 3 7 158
L 17 3 3 7 158
L 9 15 3 7 158
L 13 11 3 7 158
L 17 1 3 7 158
L 0 19 3 7 158
L 15 1 3 7 158
L 10 15 3 7 158
L 14 7 3 7 158
L 14 8 3 7 158
L 14 10 3 7 158
L 15 3 3 7 158
L 10 5 3 7 158
L 5 8 3 7 158
L 13 13 3 7 158
L 13 4 3 7 158
L 14 6 3 7 158
L 16 8 3 7 157
L 1 18 3 7 157
L 11 13 3 7 157
L 17 2 3 7 157
L 8 21 3 7 157
L 14 12 3 7 157
L 19 0 3 7 157
L 15 2 3 7 157
L 17 18 3 7 157
L 16 6 3 7 157
L 15 9 3 7 157
L 13 12 3 7 157
L 12 15 3 7 157
L 17 4 3 7 157
L 5 9 3 7 157
L 15 7 3 7 157
L 4 21 3 7 157
L 16 2 3 7 156
L 2 20 3 7 156
L 16 15 3 7 156
L 16 1 3 7 156
L 10 16 3 7 156
L 15 8 3 7 156
L 15 6 3 7 156
L 19 9 3 7 156
L 5 5 3 7 156
L 2 19 3 7 156
L 0 18 3 7 156
L 4 19 3 7 156
L 16 9 3 7 156
L 8 17 3 7 156
L 13 14 3 7 156
L 14 11 3 7 156
L 7 17 3 7 156
L 16 0 3 7 156
L 12 17 3 7 156
L 17 6 3 7 155
L 7 18 3 7 155
L 6 18 3 7 155
L 15 15 3 7 155
L 16 12 3 7 155
L 5 18 3 7 155
L 9 17 3 7 155
L 16 14 3 7 155
L 18 11 3 7 155
L 16 3 3 7 155
L 3 19 3 7 155
L 11 18 3 7 155
L 18 2 3 7 155
L 17 0 3 7 155
L 1 19 3 7 155
L 16 7 3 7 155
L 20 4 3 7 155
L 18 0 3 7 155
L 19 1 3 7 154
L 7 20 3 7 154
L 7 19 3 7 154
L 13 15 3 7 154
L 17 11 3 7 154
L 11 17 3 7 154
L 18 1 3 7 154
L 19 2 3 7 154
L 14 13 3 7 154
L 4 18 3 7 154
L 15 10 3 7 154
L 16 13 3 7 154
L 0 20 3 7 154
L 11 16 3 7 154
L 12 14 3 7 154
L 17 7 3 7 154
L 9 18 3 7 154
L 1 20 3 7 154
L 18 8 3 7 154
L 18 4 3 7 153
L 17 10 3 7 153
L 17 9 3 7 153
L 10 17 3 7 153
L 16 4 3 7 153
L 22 2 3 7 153
L 14 14 3 7 153
L 18 14 3 7 153
L 0 21 3 7 153
L 18 7 3 7 153
L 21 3 3 7 153
L 16 11 3 7 153
L 15 13 3 7 153
L 21 1 3 7 153
L 12 16 3 7 153
L 1 24 3 7 153
L 8 18 3 7 153
L 14 15 3 7 153
L 18 6 3 7 153
L 8 19 3 7 153
L 5 19 3 7 153
L 17 12 3 7 153
L 10 18 3 7 153
L 17 13 3 7 153
L 19 3 3 7 153
L 18 9 3 7 152
L 1 23 3 7 152
L 13 17 3 7 152
L 16 16 3 7 152
L 18 12 3 7 152
L 18 13 3 7 152
L 20 2 3 7 152
L 19 7 3 7 152
L 7 11 3 7 152
L 0 22 3 7 152
L 11 14 3 7 152
L 17 8 3 7 152
L 10 21 3 7 152
L 3 20 3 7 152
L 5 20 3 7 152
L 19 8 3 7 152
L 13 16 3 7 152
L 6 19 3 7 152
L 20 3 3 7 152
L 15 14 3 7 152
L 17 15 3 7 152
L 14 19 3 7 152
L 6 20 3 7 152
L 18 10 3 7 152
L 10 20 3 7 151
L 13 18 3 7 151
L 17 22 3 7 151
L 20 0 3 7 151
L 20 11 3 7 151
L 22 5 3 7 151
L 1 22 3 7 151
L 21 9 3 7 151
L 21 4 3 7 151
L 18 15 3 7 151
L 19 11 3 7 151
L 2 21 3 7 151
L 10 14 3 7 151
L 3 21 3 7 151
L 17 14 3 7 151
L 20 8 3 7 151
L 14 16 3 7 151
L 20 9 3 7 151
L 12 20 3 7 151
L 20 1 3 7 151
L 18 3 3 7 151
L 9 19 3 7 151
L 29 1 3 7 151
L 19 13 3 7 151
L 22 1 3 7 151
L 21 0 3 7 151
L 19 15 3 7 150
L 19 12 3 7 150
L 20 7 3 7 150
L 15 18 3 7 150
L 9 20 3 7 150
L 20 12 3 7 150
L 23 0 3 7 150
L 12 19 3 7 150
L 7 2 3 7 150
L 2 22 3 7 150
L 5 23 3 7 150
L 15 16 3 7 150
L 20 10 3 7 150
L 12 18 3 7 150
L 10 19 3 7 150
L 8 20 3 7 150
L 23 3 3 7 150
L 19 14 3 7 150
L 22 0 3 7 150
L 2 24 3 7 150
L 14 18 3 7 150
L 17 16 3 7 150
L 0 23 3 7 150
L 20 18 3 7 150
L 22 3 3 7 150
L 15 17 3 7 149
L 10 22 3 7 149
L 13 19 3 7 149
L 21 10 3 7 149
L 21 8 3 7 149
L 11 20 3 7 149
L 19 17 3 7 149
L 6 22 3 7 149
L 22 16 3 7 149
L 23 1 3 7 149
L 20 15 3 7 149
L 24 0 3 7 149
L 13 20 3 7 149
L 14 17 3 7 149
L 16 17 3 7 149
L 0 24 3 7 149
L 18 17 3 7 149
L 19 10 3 7 149
L 7 15 3 7 149
L 6 3 3 7 149
L 3 24 3 7 149
L 21 11 3 7 149
L 11 19 3 7 149
L 21 2 3 7 149
L 21 7 3 7 149
L 2 23 3 7 149
L 7 25 3 7 148
L 20 13 3 7 148
L 21 18 3 7 148
L 16 18 3 7 148
L 21 13 3 7 148
L 24 1 3 7 148
L 17 17 3 7 148
L 3 23 3 7 148
L 6 23 3 7 148
L 24 2 3 7 148
L 15 19 3 7 148
L 23 4 3 7 148
L 22 9 3 7 148
L 12 22 3 7 148
L 20 14 3 7 148
L 26 2 3 7 148
L 1 26 3 7 148
L 4 23 3 7 148
L 23 10 3 7 148
L 7 13 3 7 148
L 4 22 3 7 148
L 23 2 3 7 148
L 22 4 3 7 148
L 0 26 3 7 148
L 22 7 3 7 148
L 9 21 3 7 148
L 14 21 3 7 148
L 22 8 3 7 148
L 11 21 3 7 148
L 24 3 3 7 147
L 21 17 3 7 147
L 11 22 3 7 147
L 23 5 3 7 147
L 2 25 3 7 147
L 25 0 3 7 147
L 24 13 3 7 147
L 21 14 3 7 147
L 17 19 3 7 147
L 22 13 3 7 147
L 15 20 3 7 147
L 24 4 3 7 147
L 23 8 3 7 147
L 21 15 3 7 147
L 5 24 3 7 147
L 23 7 3 7 147
L 22 11 3 7 147
L 6 1 3 7 147
L 18 18 3 7 147
L 25 2 3 7 147
L 9 22 3 7 147
L 19 16 3 7 147
L 21 6 3 7 147
L 13 21 3 7 147
L 16 19 3 7 147
L 4 24 3 7 147
L 16 20 3 7 146
L 23 9 3 7 146
L 13 22 3 7 146
L 26 0 3 7 146
L 15 21 3 7 146
L 25 4 3 7 146
L 6 24 3 7 146
L 9 24 3 7 146
L 25 6 3 7 146
L 1 25 3 7 146
L 17 20 3 7 146
L 22 12 3 7 146
L 25 16 3 7 146
L 24 7 3 7 146
L 23 12 3 7 146
L 19 19 3 7 146
L 20 17 3 7 146
L 19 20 3 7 146
L 0 25 3 7 146
L 14 20 3 7 146
L 22 10 3 7 146
L 12 21 3 7 146
L 20 16 3 7 146
L 25 5 3 7 146
L 19 18 3 7 146
L 9 23 3 7 146
L 24 5 3 7 146
L 25 1 3 7 146
L 22 14 3 7 146
L 25 3 3 7 146
L 23 13 3 7 145
L 25 9 3 7 145
L 23 11 3 7 145
L 27 4 3 7 145
L 24 10 3 7 145
L 15 24 3 7 145
L 24 9 3 7 145
L 27 0 3 7 145
L 14 24 3 7 145
L 26 3 3 7 145
L 11 25 3 7 145
L 20 19 3 7 145
L 23 14 3 7 145
L 18 19 3 7 145
L 10 24 3 7 145
L 17 21 3 7 145
L 11 23 3 7 145
L 21 16 3 7 145
L 18 16 3 7 145
L 12 23 3 7 145
L 18 21 3 7 145
L 0 27 3 7 145
L 14 22 3 7 145
L 3 26 3 7 145
L 22 17 3 7 145
L 26 1 3 7 145
L 18 20 3 7 145
L 26 10 3 7 144
L 27 2 3 7 144
L 25 10 3 7 144
L 28 1 3 7 144
L 27 3 3 7 144
L 8 26 3 7 144
L 2 26 3 7 144
L 21 20 3 7 144
L 25 14 3 7 144
L 26 7 3 7 144
L 18 22 3 7 144
L 12 24 3 7 144
L 13 24 3 7 144
L 19 24 3 7 144
L 0 28 3 7 144
L 23 17 3 7 144
L 8 12 3 7 144
L 9 25 3 7 144
L 29 0 3 7 144
L 21 19 3 7 144
L 22 15 3 7 144
L 22 18 3 7 144
L 27 1 3 7 144
L 1 27 3 7 144
L 24 11 3 7 144
L 11 24 3 7 144
L 16 21 3 7 144
L 14 23 3 7 144
L 16 22 3 7 144
L 26 5 3 7 144
L 27 7 3 7 144
L 23 15 3 7 144
L 24 12 3 7 144
L 20 20 3 7 144
L 19 21 3 7 144
L 24 14 3 7 144
L 29 3 3 7 143
L 22 20 3 7 143
L 2 28 3 7 143
L 17 24 3 7 143
L 13 25 3 7 143
L 28 0 3 7 143
L 24 16 3 7 143
L 10 26 3 7 143
L 24 19 3 7 143
L 27 5 3 7 143
L 24 15 3 7 143
L 26 14 3 7 143
L 21 21 3 7 143
L 25 15 3 7 143
L 19 22 3 7 143
L 9 12 3 7 143
L 10 25 3 7 143
L 16 23 3 7 143
L 22 19 3 7 143
L 15 22 3 7 143
L 25 12 3 7 143
L 26 8 3 7 143
L 20 21 3 7 143
L 25 11 3 7 143
L 26 4 3 7 143
L 14 28 3 7 143
L 9 26 3 7 143
L 13 23 3 7 143
L 1 28 3 7 143
L 23 16 3 7 143
L 28 2 3 7 143
L 0 29 3 7 142
L 24 17 3 7 142
L 23 19 3 7 142
L 23 20 3 7 142
L 9 27 3 7 142
L 1 29 3 7 142
L 13 26 3 7 142
L 25 17 3 7 142
L 10 27 3 7 142
L 29 8 3 7 142
L 29 2 3 7 142
L 29 19 3 7 142
L 17 23 3 7 142
L 26 12 3 7 142
L 6 27 3 7 142
L 2 29 3 7 142
L 9 13 3 7 142
L 18 23 3 7 142
L 28 3 3 7 142
L 11 26 3 7 142
L 15 23 3 7 142
L 29 7 3 7 142
L 26 11 3 7 142
L 28 4 3 7 142
L 21 22 3 7 142
L 22 21 3 7 142
L 27 12 3 7 142
L 27 6 3 7 142
L 19 23 3 7 142
L 16 26 3 7 142
L 20 22 3 7 142
L 14 26 3 7 141
L 11 27 3 7 141
L 29 12 3 7 141
L 22 22 3 7 141
L 20 23 3 7 141
L 15 25 3 7 141
L 23 18 3 7 141
L 20 24 3 7 141
L 28 6 3 7 141
L 26 21 3 7 141
L 29 16 3 7 141
L 7 27 3 7 141
L 12 26 3 7 141
L 27 11 3 7 141
L 21 23 3 7 141
L 23 22 3 7 141
L 9 14 3 7 141
L 25 13 3 7 141
L 26 16 3 7 141
L 28 5 3 7 141
L 16 24 3 7 141
L 11 28 3 7 141
L 12 25 3 7 141
L 24 18 3 7 141
L 29 4 3 7 141
L 23 21 3 7 141
L 18 24 3 7 141
L 9 29 3 7 140
L 29 6 3 7 140
L 12 27 3 7 140
L 29 5 3 7 140
L 22 23 3 7 140
L 12 28 3 7 140
L 19 28 3 7 140
L 24 20 3 7 140
L 23 23 3 7 140
L 27 29 3 7 140
L 15 26 3 7 140
L 19 25 3 7 140
L 10 29 3 7 140
L 29 18 3 7 140
L 27 15 3 7 140
L 17 25 3 7 140
L 11 29 3 7 140
L 28 9 3 7 140
L 25 19 3 7 140
L 8 13 3 7 140
L 26 15 3 7 140
L 14 25 3 7 140
L 27 9 3 7 140
L 26 13 3 7 140
L 27 8 3 7 140
L 28 11 3 7 140
L 7 29 3 7 140
L 16 25 3 7 140
L 25 18 3 7 140
L 27 14 3 7 140
L 24 21 3 7 140
L 26 18 3 7 140
L 14 27 3 7 139
L 18 25 3 7 139
L 28 15 3 7 139
L 28 14 3 7 139
L 26 19 3 7 139
L 29 10 3 7 139
L 14 29 3 7 139
L 20 25 3 7 139
L 28 8 3 7 139
L 25 20 3 7 139
L 27 13 3 7 139
L 29 21 3 7 139
L 28 7 3 7 139
L 28 13 3 7 139
L 17 26 3 7 139
L 15 27 3 7 139
L 29 11 3 7 139
L 22 25 3 7 139
L 26 20 3 7 139
L 28 10 3 7 139
L 22 24 3 7 139
L 24 22 3 7 139
L 26 17 3 7 139
L 13 28 3 7 139
L 23 25 3 7 139
L 13 29 3 7 139
L 24 23 3 7 139
L 18 29 3 7 139
L 29 13 3 7 138
L 20 26 3 7 138
L 29 9 3 7 138
L 16 28 3 7 138
L 28 20 3 7 138
L 21 25 3 7 138
L 25 23 3 7 138
L 12 29 3 7 138
L 23 24 3 7 138
L 29 14 3 7 138
L 7 10 3 7 138
L 9 16 3 7 138
L 13 27 3 7 138
L 17 27 3 7 138
L 21 24 3 7 138
L 28 12 3 7 138
L 27 17 3 7 138
L 25 21 3 7 138
L 25 25 3 7 138
L 18 26 3 7 138
L 29 17 3 7 138
L 25 22 3 7 138
L 27 18 3 7 138
L 15 28 3 7 138
L 19 26 3 7 138
L 7 14 3 7 137
L 27 10 3 7 137
L 15 29 3 7 137
L 28 18 3 7 137
L 28 21 3 7 137
L 19 27 3 7 137
L 29 15 3 7 137
L 21 26 3 7 137
L 22 26 3 7 137
L 27 20 3 7 137
L 24 25 3 7 137
L 28 25 3 7 137
L 20 27 3 7 137
L 16 27 3 7 137
L 16 29 3 7 137
L 26 22 3 7 137
L 27 16 3 7 137
L 18 28 3 7 137
L 27 22 3 7 136
L 28 16 3 7 136
L 18 27 3 7 136
L 26 28 3 7 136
L 21 27 3 7 136
L 23 26 3 7 136
L 17 28 3 7 136
L 26 23 3 7 136
L 28 17 3 7 136
L 26 25 3 7 136
L 27 19 3 7 136
L 28 19 3 7 136
L 20 28 3 7 136
L 23 27 3 7 136
L 21 28 3 7 136
L 8 14 3 7 136
L 17 29 3 7 136
L 27 21 3 7 136
L 19 29 3 7 136
L 22 27 3 7 136
L 26 9 3 7 136
L 24 29 3 7 135
L 28 22 3 7 135
L 24 8 3 7 135
L 29 20 3 7 135
L 20 29 3 7 135
L 25 24 3 7 135
L 27 23 3 7 135
L 28 23 3 7 135
L 22 28 3 7 135
L 24 26 3 7 135
L 21 29 3 7 135
L 24 27 3 7 135
L 22 29 3 7 135
L 29 24 3 7 134
L 25 8 3 7 134
L 29 22 3 7 134
L 26 24 3 7 134
L 24 24 3 7 134
L 27 24 3 7 134
L 25 26 3 7 134
L 24 28 3 7 134
L 23 29 3 7 134
L 29 23 3 7 134
L 28 24 3 7 134
L 29 25 3 7 133
L 4 12 3 7 133
L 25 7 3 7 133
L 25 27 3 7 133
L 26 26 3 7 133
L 27 25 3 7 133
L 23 28 3 7 133
L 27 27 3 7 132
L 26 6 3 7 132
L 27 26 3 7 132
L 25 28 3 7 132
L 26 27 3 7 132
L 28 26 3 7 132
L 27 28 3 7 131
L 24 6 3 7 131
L 29 26 3 7 131
L 25 29 3 7 131
L 28 27 3 7 131
L 29 28 3 7 130
L 23 6 3 7 130
L 26 29 3 7 130
L 28 28 3 7 130
L 29 27 3 7 130
L 28 29 3 7 130
L 29 29 3 7 129
L 6 11 3 7 129
L 22 6 3 7 128
L 21 5 3 7 127
L 1 13 3 7 126
L 19 4 3 7 125
L 20 5 3 7 124
L 7 12 3 7 123
L 20 6 3 7 122
L 19 6 3 7 121
L 19 5 3 7 120
L 8 11 3 7 119
L 18 5 3 7 118
L 4 14 3 7 117
L 17 5 3 7 117
L 16 5 3 7 116
L 6 14 3 7 115
L 15 5 3 7 115
L 6 15 3 7 114
L 15 4 3 7 114
L 6 16 3 7 113
L 14 5 3 7 113
L 6 17 3 7 112
L 12 5 3 7 112
L 12 4 3 7 111
L 5 16 3 7 109
L 11 2 3 7 108
L 4 15 3 7 107
L 12 2 3 7 107
L 5 15 3 7 106
L 12 3 3 7 106
L 11 3 3 7 105
L 9 2 3 7 104
L 6 13 3 7 103
L 9 3 3 7 103
L 5 13 3 7 102
L 5 14 3 7 101
L 4 13 3 7 100
L 3 14 3 7 99
L 3 13 3 7 97
L 9 11 3 7 97
L 2 14 3 7 96
L 8 5 3 7 93
L 10 11 3 7 86
L 1 14 3 7 86
L 0 14 3 7 85
L 0 16 3 7 82
L 1 17 3 7 79
L 10 13 3 7 79
L 1 16 3 7 78
L 3 17 3 7 76
L 2 15 3 7 74
L 1 15 3 7 73
L 2 17 3 7 71
L 2 16 3 7 70
L 4 16 3 7 68
L 3 15 3 7 66
L 10 12 3 7 66
L 3 16 3 7 65
L 4 17 3 7 64
L 3 18 3 7 63
L 2 18 3 7 62
L 4 20 3 7 61
L 5 21 3 7 60
L 5 22 3 7 59
L 6 21 3 7 58
L 8 22 3 7 56
L 7 21 3 7 55
L 7 22 3 7 54
L 12 12 3 7 52
L 8 23 3 7 51
L 12 13 3 7 51
L 11 12 3 7 49
L 12 11 3 7 47
L 7 23 3 7 47
L 8 24 3 7 46
L 10 23 3 7 45
L 8 25 3 7 44
L 7 26 3 7 43
L 7 24 3 7 42
L 6 25 3 7 41
L 5 25 3 7 40
L 10 4 3 7 39
L 3 25 3 7 39
L 9 4 3 7 38
L 4 25 3 7 38
L 8 4 3 7 37
L 5 26 3 7 37
L 7 4 3 7 36
L 6 26 3 7 36
L 6 4 3 7 35
L 5 4 3 7 34
L 4 27 3 7 33
L 2 27 3 7 30
L 11 11 3 7 30
L 4 26 3 7 28
L 5 27 3 7 24
L 1 9 3 7 24
L 3 29 3 7 22
L 3 28 3 7 21
L 3 27 3 7 20
L 4 28 3 7 19
L 4 29 3 7 18
L 3 7 3 7 18
L 6 29 3 7 17
L 4 4 3 7 17
L 0 8 3 7 15
L 11 9 3 7 13
L 12 10 3 7 12
L 7 28 3 7 10
L 3 6 3 7 9
L 5 6 3 7 8
L 13 9 3 7 8
L 5 7 3 7 7
L 4 6 3 7 6
L 5 28 3 7 6
L 5 29 3 7 4
L 6 28 3 7 4
L 8 29 3 7 3
L 4 3 3 7 3
L 2 7 3 7 3
L 8 28 3 7 2
L 4 5 3 7 1
L 1 7 3 7 1
L 2 6 3 7 0
L 0 7 3 7 0
L 14 9 3 7 0
L 8 27 3 7 0
W 10 28 9 5 179
W 13 8 9 5 44
B 1 1 10 0 242
M 0 0 0 0 242
M 1 0 0 0 241
B 2 0 10 0 239
B 3 0 10 0 230
B 2 1 10 0 225
B 0 1 10 0 222
B 4 0 10 0 220
X 3 1 99 0 213
X 4 1 99 0 213
X 2 2 99 0 213
X 3 2 99 0 211
B 1 2 10 0 193
X 5 0 99 0 156
B 0 2 10 0 156
B 0 3 10 0 151
X 5 1 99 0 125
B 1 3 10 0 117
B 0 4 10 0 89
B 1 4 10 0 72
B 2 3 10 0 39
B 0 5 10 0 37
X 3 3 99 0 36
B 2 4 10 0 25
B 1 5 10 0 8
#ZAPIS GRY WIRTUALNY SWIAT v1.0#
#Damian Jankowski s188597#
#znak polX polY sila inicjatywa wiek#
#[A]ntylopa [C]zlowiek [S]uperman [L]is [O]wca [W]ilk [Z]olw#
#[B]arszcz [G]uarana [M]lecz [T]rawa [X]Wilczejagody#
#Superman - czlowiek z wlaczona umiejetnoscia#
